NaN
NaN
148,231,33,86
149,229,35,93
149,228,36,95
150,227,36,96
151,225,36,96
154,225,36,94
157,224,34,90
159,222,33,88
161,221,32,86
164,219,30,81
167,220,27,71
164,221,31,83
164,220,34,87
168,220,30,72
163,219,35,85
171,221,28,69
174,219,27,67
172,217,33,81
180,216,30,73
183,214,33,75
183,211,34,74
182,208,34,73
183,207,35,73
183,205,37,76
188,204,37,78
192,202,37,79
186,202,40,81
182,201,43,83
189,200,44,86
185,198,46,87
184,198,47,84
181,198,47,84
190,198,48,86
196,197,44,80
201,198,43,80
203,198,43,79
204,198,44,83
204,198,46,87
205,199,46,88
206,198,46,91
207,197,45,91
209,198,42,87
211,199,40,85
211,200,40,86
208,201,34,76
203,201,36,82
200,201,37,84
197,201,37,87
195,202,37,89
194,206,35,86
192,206,34,86
189,203,36,90
188,203,37,92
185,214,35,87
180,214,36,89
176,215,37,90
177,218,37,91
177,219,38,91
175,218,39,92
174,217,39,91
174,216,38,92
174,215,37,89
174,215,36,87
174,214,36,89
172,214,36,88
171,213,36,88
167,212,37,89
163,210,39,90
164,210,39,89
163,208,40,90
160,207,40,90
160,206,41,91
159,206,41,89
154,205,41,91
155,205,41,89
155,205,41,89
154,205,41,89
154,204,40,90
154,203,40,91
156,202,39,91
158,203,37,87
160,202,33,78
160,200,34,79
161,201,31,76
161,201,32,78
161,201,32,78
163,198,33,81
164,198,32,81
169,197,32,81
170,193,34,84
173,190,35,86
173,188,35,85
174,186,36,88
175,184,36,90
176,183,36,90
177,182,35,90
178,182,35,90
180,181,34,89
182,179,33,88
183,178,33,88
185,176,31,89
186,174,31,90
186,173,32,89
187,172,31,92
187,171,31,92
189,174,30,88
189,174,29,86
189,176,29,84
189,175,28,82
189,174,29,83
192,174,28,79
193,173,28,78
194,173,28,78
195,173,28,77
NaN
NaN
NaN
NaN
NaN
NaN
NaN
NaN
NaN
NaN
NaN
NaN
NaN
NaN
NaN
NaN
NaN
NaN
NaN
NaN
NaN
NaN
NaN
NaN
NaN
NaN
NaN
NaN
NaN
NaN
NaN
NaN
NaN
432,144,29,79
