NaN
NaN
146,229,31,93
146,228,32,93
149,226,31,92
151,225,32,93
153,225,32,93
155,224,32,93
158,223,32,90
161,222,30,87
163,220,30,85
164,219,30,83
165,218,31,88
167,216,31,92
167,217,31,92
168,218,31,91
168,218,32,90
170,218,31,90
173,215,34,94
175,214,36,94
177,214,36,92
180,212,35,84
181,210,34,79
180,207,36,83
181,205,37,84
183,205,37,82
186,203,38,84
188,202,37,82
183,201,40,84
179,200,45,92
180,199,45,93
179,196,48,96
181,197,47,92
183,196,46,89
188,195,46,90
183,194,48,93
185,196,49,93
187,197,50,93
197,198,46,89
203,198,43,83
206,199,41,78
209,198,40,78
209,197,41,83
209,197,41,86
209,198,41,86
210,198,39,86
206,199,38,86
203,200,35,80
199,196,39,89
196,193,39,94
194,195,38,94
192,198,36,92
190,198,36,93
188,200,36,93
188,202,35,91
185,206,34,88
180,209,35,88
177,212,36,90
175,214,37,92
175,213,39,95
174,217,37,91
172,217,38,91
172,217,37,89
173,216,36,87
173,215,36,87
173,214,36,88
171,214,36,87
171,213,35,87
167,211,36,88
166,210,37,88
163,208,38,90
162,207,39,91
158,206,40,91
157,206,41,92
156,205,40,90
155,204,41,92
156,205,40,90
155,206,39,89
150,206,40,88
150,203,41,90
148,203,42,91
152,202,40,90
153,203,39,88
156,202,38,85
160,201,34,80
162,200,32,76
163,200,31,76
163,200,31,76
165,199,31,77
166,199,30,76
170,197,30,79
170,194,32,80
171,189,34,84
174,188,33,84
176,187,33,85
176,186,34,86
177,185,34,88
176,184,35,89
176,182,35,90
179,179,34,90
181,178,32,87
183,176,32,87
183,175,31,87
184,173,31,88
NaN
184,172,33,92
186,170,31,92
187,172,31,90
188,171,31,90
187,173,30,88
191,177,28,82
189,176,30,89
189,175,30,90
NaN
NaN
NaN
NaN
NaN
NaN
NaN
NaN
NaN
NaN
NaN
NaN
NaN
NaN
NaN
NaN
NaN
NaN
NaN
NaN
NaN
NaN
NaN
NaN
NaN
NaN
NaN
NaN
NaN
NaN
NaN
NaN
NaN
NaN
NaN
NaN
NaN
