2.6019456697025753
2.464381083484981
2.3503088641799796
2.273219054442802
2.195185165713553
2.1413449111647727
2.075963737763303
2.0308710883631433
1.9733163468649983
1.9365628356299347
1.8835874614366683
1.8506467478412243
1.8004699013226901
1.7679025670212658
1.7191894686095461
1.6872772386510355
1.6401379829031622
1.6107515088736688
1.5670227635075955
1.5359984708962169
1.4913775307557824
1.4735689359864543
1.4366765515849147
1.4195091249404344
1.3840899828615236
1.3658480868355243
1.3326675258264575
1.3158711871616577
1.2825239165320759
1.2650617993419395
1.234233970756932
1.2157087925066552
1.1854373055620144
1.167511553880284
1.1392818282605948
1.1215921609083574
1.0929151208600985
1.0758999923447747
1.047669809438689
1.0324203288039946
1.0055108684204503
0.9899294008314649
0.9644989675899587
0.9493145804878211
0.9251073543154996
0.9102774680642375
0.8877862608539695
0.8736421178249981
0.8514508017008773
0.8371174895631068
0.8159872088676104
0.8016035688404004
0.7811762664403663
0.7681842542440476
0.7488621693872087
0.7361817308079486
0.7172162048037414
0.7047738425834024
0.6867345689056383
0.6745134355189819
0.6570380481813998
0.6456351782987846
0.6292809737856856
0.6181055053715235
0.6025338719292538
0.5915452634338398
0.5761829821888903
0.5657240814493385
0.5517196122773099
0.5417842351459952
0.5274988127902125
0.5182568717901817
0.5043643516543936
0.4956823127521579
0.4825494883512301
0.47322732287602576
0.46068335916414593
0.45211682842295814
0.44011388057922046
0.43210657568330074
0.42088815909362254
0.4130929914578636
0.40196590711357033
0.3938022914679429
0.38257221638597727
0.37512211065581214
0.36473419426428366
0.3576659637998977
0.3476837672510613
0.34127794055314536
0.3313659828808506
0.3250116974945217
0.3153178829095138
0.3093049092019615
0.3003930972767318
0.29481178970103045
0.28617141852217637
0.2805565065691043
0.27227564666504217
0.26663518264770764
0.2583007360728858
0.25253943077355795
0.24423653871335219
0.23867009422443702
0.23061378150226622
0.22520885172009703
0.217476710242973
0.21209040074751676
0.2042036709265912
0.19856131348701206
0.1905718389205681
0.18498975111395008
0.17712462731970094
0.17206518914467658
0.16412230730155233
0.15893299467977218
0.15020381159271343
0.14410139793134574
0.13489657616603115
0.12799754630088603
0.11847050628655667
0.11054190350164601
0.0985995460009425
0.0883546276731057
0.07342821358729212
0.053976630633405014
0.025002530622790616
0.016982293892154412
0.01619177068492751
0.015981352578339596
0.01591889522393546
0.015900466754878394
0.015895022230802813
