NaN
NaN
263,48,111,307
267,49,111,306
272,50,111,306
280,50,111,306
283,50,111,306
285,51,111,305
285,51,112,305
286,55,111,301
288,58,109,298
288,58,110,296
290,60,110,293
284,63,113,292
282,64,114,291
281,67,116,287
276,75,117,280
278,90,118,265
274,103,120,252
270,116,122,239
266,120,127,235
259,124,132,231
250,135,134,220
243,146,136,211
237,148,140,209
237,155,135,202
NaN
226,149,145,206
225,153,142,202
216,133,159,222
214,135,158,220
NaN
NaN
NaN
NaN
213,140,159,215
210,140,164,215
207,139,169,216
205,139,172,216
204,139,172,216
193,136,177,218
192,141,177,215
187,136,182,220
186,136,182,220
NaN
181,138,182,217
178,135,185,220
178,138,184,217
180,137,187,219
178,138,187,218
NaN
173,137,189,219
169,135,191,220
166,136,192,219
165,136,191,219
174,145,186,210
176,146,187,210
180,150,185,206
178,154,182,201
178,156,181,199
177,141,195,215
184,156,183,200
185,163,179,193
187,165,177,191
189,165,179,190
191,166,177,189
191,168,177,187
192,164,181,191
193,165,181,189
194,171,177,184
193,175,175,180
192,176,175,179
191,174,178,181
191,173,179,182
191,172,179,184
191,175,178,181
188,178,174,177
186,172,180,183
186,172,179,183
NaN
NaN
191,193,162,162
189,196,162,159
190,198,159,157
NaN
190,205,159,151
186,206,163,150
183,207,165,149
184,210,162,146
NaN
161,214,158,142
159,217,156,140
NaN
NaN
NaN
156,200,174,155
155,200,173,155
NaN
NaN
NaN
NaN
NaN
NaN
NaN
NaN
NaN
NaN
168,189,183,167
170,186,183,170
160,181,178,175
158,178,175,178
151,165,181,191
147,146,189,210
157,140,193,216
150,135,183,216
162,117,197,237
167,109,201,246
166,98,205,257
167,84,208,271
169,79,206,276
172,78,200,277
178,78,196,277
182,78,191,277
188,81,188,276
189,83,181,274
190,88,174,268
194,92,167,264
200,90,164,266
203,89,161,267
202,87,160,270
201,89,155,267
202,89,152,267
203,87,149,269
201,86,148,270
201,85,146,270
203,84,144,271
202,82,144,272
204,80,143,275
206,77,142,278
206,75,142,280
207,75,141,280
207,74,141,282
206,73,141,283
207,72,139,284
207,70,140,286
204,69,140,287
203,69,140,287
201,69,139,287
198,67,138,287
197,65,139,290
